5475
103344926
116
100506527
8988
25859
123624
345079
105374898
401097
56341
728798
129804
9508
9177
728730
91156
201229
284424
100126784
51299
5217
285780
126272
63974
6863
157574
105372026
400591
793
90523
4142
338758
23594
100996645
105373230
81849
94160
101929544
57464
8624
407738
163126
253152
340542
100862680
3912
78991
55847
100506731
10669
220202
122970
54847
279
285126
100885848
627
65997
51301
55055
631
105374618
114928
956
339524
11041
3382
101410534
105377068
105377921
1040
29106
57181
1428
389073
283177
5100
200373
7425
79154
5110
340543
195814
107986124
283310
81691
55359
100288181
285601
6775
84871
1122
9856
4843
27012
54839
84525
57159
84570
54511
54112
105376360
79740
85019
126068
80762
5172
137970
1607
219738
1139
51086
93426
6092
100129223
5774
1007
100506411
152110
1558
58527
84539
57084
53340
29841
4085
105373805
5999
51155
283807
10769
534
7781
378884
8382
768096
2042
7102
56884
140689
114569
388849
260293
8564
4190
285533
55530
653308
1174
400120
221424
494470
152789
170261
219790
22895
80059
783
153769
285954
101929748
130752
100505588
6894
400765
143162
375444
1571
374860
6623
266812
84707
2847
57574
654429
644596
51606
63982
379
1132
145773
105375726
23596
25977
140733
55312
64405
9607
7280
23236
63947
100507387
102723512
2254
57718
6000
225
136227
29089
107985311
64112
729178
51473
8997
7504
11130
11249
100287482
114801
54332
147658
10313
5534
4889
2596
2983
165679
65055
2785
107985820
7480
79412
9312
9120
93164
9737
100132891
3149
25849
9340
400745
10361
79873
118427
158038
83988
65009
91543
728656
3788
5739
3251
57496
7534
147670
117154
27289
158931
57526
3356
399947
347404
54627
283514
56171
56950
84830
26050
114884
1063
6750
114818278
7066
24141
107985115
5800
284578
9079
55061
5801
400046
442117
27319
168667
100996385
4345
254887
10447
81533
125113
340533
116443
85397
548596
6545
6014
5532
440934
387804
256536
30811
55859
202559
2675
808
26580
1016
56603
283385
57692
5950
3623
2563
79815
100506563
887
100861517
57495
64412
57512
2918
10309
100189589
84684
10740
53844
2043
23007
4591
1123
147746
8001
23072
145581
25827
84553
2844
144165
5122
84944
100289341
2026
285175
100505483
1960
387856
51725
261729
9228
105373553
400566
105378730
10368
107986924
140767
4745
8792
7345
55190
284805
23158
4887
3595
6855
11075
79442
105378075
2805
2917
202134
1006
29944
2557
80333
9317
6866
23467
2556
11001
526
386597
9378
128434
5746
5058
9495
4674
6511
4747
7754
154790
148252
9881
23329
5874
6327
27020
1745
25928
6785
2572
2257
8492
348980
6252
10962
27330
200407
107985263
343990
9628
491
5582
8941
8745
114824
57497
6770
1780
56955
54749
4208
654790
2044
7532
129293
105373377
151354
9331
11332
114118903
285220
9840
6447
9758
63908
286002
55531
7277
80737
10888
55799
9515
9201
79057
9348
10687
2898
205147
2170
23105
4293
22843
285596
5121
27065
1047
80310
645784
2892
51617
9615
127254
23518
5176
57469
1821
8224
6326
1010
9369
9229
7533
1404
338811
10486
4905
5099
4741
50632
3786
4168
7092
144423
116369
23057
885
554236
55521
54550
53942
64388
523
105370469
105373604
29887
22941
25797
54704
6519
57172
84968
105376617
55228
6622
408263
9242
220594
134829
5581
7447
266722
353149
105370125
4008
106456574
25787
2566
6616
115827
440894
7259
59353
10381
8900
1159
101929800
11197
57552
1114
138428
340529
1290
728229
105374808
257194
5126
2743
2554
83851
79698
7432
8936
5153
22891
4948
9890
1128
2258
5961
29114
440040
256714
107987104
7857
54457
2571
3358
27165
132332
23316
138046
2744
3747
283209
27445
131034
51412
340419
3361
59350
114821
23025
81832
2890
105374966
5864
140679
23349
5575
774
785
222865
3756
10409
1005
56479
9118
492
57586
25791
64409
105369333
79762
100130872
10371
388662
9746
102723817
6812
56675
255275
1258
26059
1268
2845
8618
147372
642968
4900
440270
6334
146754
54715
5733
5063
2904
3760
1012
101927432
119
146760
6861
3084
27328
4675
59283
3208
2742
6804
147228
25758
51761
645974
5136
1996
6854
8507
9899
9568
222008
2562
5650
55800
10814
6098
5988
5274
151009
285878
84254
113220
10815
51807
25830
23504
9900
84867
9796
5979
29993
26034
345557
101928092
6860
2561
113157
57282
2185
26033
4760
100127983
349196
83873
23040
9892
4826
2911
255631
114134
6456
100128264
440896
388394
22866
7087
26095
100131320
22987
613212
284233
4753
2903
27132
5744
9478
102724736
3479
7070
105375350
102723350
1759
478
6857
5798
440508
151449
79012
6620
51676
84530
389941
3761
794
6853
404037
777
105374934
105375228
57468
273
29953
57030
1993
51046
1961
54331
100131390
4160
1131
4744
80309
6534
768222
440482
4233
4988
5816
105371672
114900
54055
54769
5865
1917
3787
771
390616
100499183
83259
55655
105374869
9086
100873921
22829
246126
