6539
25959
140876
22801
23242
2995
27106
4303
9322
101730217
3092
27147
5613
100216545
4854
105371480
85301
5970
4176
107984219
10723
28999
64651
22834
85407
116535
92154
23764
5549
6599
283932
2570
864
286437
27129
135
8840
1843
51477
85450
8495
1278
1435
147138
147650
54407
7145
386607
10404
26524
3164
2669
1368
5860
10052
5745
7852
158405
800
23704
6525
54443
130132
257364
23034
28996
283131
80332
165
100505635
102724009
6236
7975
5345
6275
63898
27185
101929384
7041
6446
10749
3678
646023
6886
2289
414332
100131096
11030
161176
8515
11149
221749
9767
51751
3687
255743
283663
9448
1292
23210
159195
57664
3799
57716
107984338
951
85360
1997
2872
5159
284454
3908
348093
9846
219855
5027
9738
1842
2549
23500
284948
51330
101928922
58526
220441
53947
24146
2852
2297
6494
29128
6911
107985246
54541
25937
57572
92312
92922
107986298
29940
80760
7094
1296
23533
100505702
2701
290
126326
100616248
84913
64857
54820
5054
107984868
85363
154043
105378049
80005
9499
102546175
79789
29941
91369
2328
143872
79056
196051
4643
11251
2124
11173
5228
375033
1462
54510
100129917
63910
64926
8793
107985939
6414
27286
80303
94121
107986710
3993
101927646
100129029
6693
25777
1903
100316904
4313
27181
64129
330
114897
3399
2302
79153
441631
85462
7100
5724
112268225
4791
1634
1969
80176
107986997
105373975
255877
105369828
150094
387486
100129792
28231
6536
11027
54567
728
6510
170371
2670
83641
9457
8985
102724428
11322
2353
197259
100127888
7045
84689
105370103
6404
9096
650623
6663
100507516
404216
100506020
3017
6926
8326
112268292
3481
9469
5996
112268238
9509
9510
8463
723961
112268426
1265
247
57188
7545
90427
150372
26471
729658
56241
11213
3587
54360
23601
84034
146850
89857
219293
84674
8701
112268112
9080
1902
105378345
23150
3315
760
23547
102724596
666
101929145
7040
100289650
6696
101927532
83959
101927096
176
10398
26659
22802
8334
6422
25780
10457
7043
402573
84962
563
100190938
2327
107985323
933
871
9754
4629
125
100506795
285
84107
79651
105379326
348645
3310
467
1026
122664
84433
9314
6913
1277
284
9595
55612
4481
26119
2828
2000
117283
100652999
25816
4572
9103
7128
100847070
151
2696
4064
284759
283383
4569
54502
100861514
27134
22915
4804
11136
105376095
5129
1396
102724731
9705
400961
26157
25861
387849
4500
4566
719
255394
3683
79974
6402
26585
107985139
828
22797
23460
9934
28513
8797
1520
1378
7538
79037
8877
387646
8832
126364
85477
4494
3339
4046
2212
3303
107984751
3311
4567
4539
6405
4540
837
4541
1794
1295
80975
100505495
283755
3337
102724046
730
5046
100507140
285796
4556
4069
7368
2318
9332
107984874
63895
105372270
56245
124602
221472
4036
4573
58475
100500842
845
5788
348254
3394
100507401
4091
3304
26253
64231
241
4565
100507472
51284
105371874
105373716
2919
4538
100381270
105371366
11326
4577
5105
4571
401022
6781
115584
2215
6280
4511
4553
4579
101929777
4555
9021
4570
3128
